2.076785
2.016087
2.123899
1.893327
1.872028
2.020327
2.012574
2.156608
2.041113
2.080209
1.879489
2.028140
1.968802
2.060692
1.997112
2.168499
1.996303
1.994768
2.236203
2.152381
2.183846
2.086354
1.900654
2.104007
2.234074
2.009244
2.074489
2.238095
2.053615
2.161970
2.156094
2.007890
1.998059
2.076006
2.098201
2.155299
2.221726
2.126247
2.111469
2.017651
2.179001
2.076291
2.111806
2.041760
1.940690
2.240111
2.158021
2.208547
2.091300
1.981718
2.095830
2.122050
1.988763
2.185925
2.000658
2.176006
2.070636
2.273680
2.175930
2.298340
2.263565
2.098628
2.053735
2.323164
2.289261
2.178557
2.241174
1.913789
2.238522
2.088411
2.291323
2.108530
2.283595
2.273783
2.130027
1.993583
1.946968
2.226425
2.201822
2.194089
2.308298
2.394531
2.052456
2.242493
2.187571
2.105393
2.181097
2.209680
2.275508
2.230856
2.119123
2.060300
2.142028
2.132844
2.062537
2.246158
2.257282
2.192234
2.141159
2.170711
1.955333
2.069925
2.163296
2.031652
2.092980
2.093412
2.257410
2.089464
2.106446
2.170849
2.129247
1.929175
2.305709
2.301236
2.028283
2.255306
1.846036
2.024861
2.056112
2.114387
2.031786
2.181391
1.969841
2.352036
2.065645
2.237213
2.037311
2.236787
2.028444
2.026774
2.041061
2.107150
2.132713
2.153072
2.358456
2.040377
2.112291
1.973361
2.035083
1.995002
2.034989
1.842826
2.021081
1.891082
2.033128
1.956892
2.050191
1.940816
2.037103
1.918707
1.975423
2.262973
1.935313
2.033641
1.877775
1.969068
2.022087
1.852721
2.035846
2.162629
2.096969
1.856497
2.066093
1.944416
1.916378
1.994983
1.938816
1.963859
2.030270
2.017209
2.113157
1.862410
1.899262
2.059605
2.033401
1.908710
1.983433
1.875074
1.879070
2.011947
2.125408
1.897098
1.998518
2.118593
1.822640
2.039843
1.837709
1.995759
1.883988
1.931654
1.737395
1.698490
1.884113
1.901988
1.997120
1.864533
1.848071
1.962608
1.601445
1.806584
1.644209
