1.964811
1.886887
1.967360
1.924432
2.172052
2.170357
1.960594
2.041175
2.335190
2.005840
2.185827
1.974887
2.000001
1.988516
1.958089
2.132076
2.002439
2.051123
2.108449
1.996381
2.087411
1.868886
2.126534
2.068115
2.222706
2.234605
2.105989
2.115934
2.133736
2.150211
2.196337
2.081890
2.141320
2.023823
2.218028
2.151338
2.117079
2.075958
2.212929
2.223693
2.123408
2.048103
2.128874
2.016934
2.025749
1.979345
2.343349
2.197518
2.254653
2.147174
2.010797
2.143134
2.195146
2.182453
2.068277
2.119860
2.204016
2.154251
2.219371
2.018874
2.234776
2.142979
2.089339
2.217164
2.290687
2.329007
2.243285
1.972747
2.297588
2.336892
2.227046
2.156221
2.341820
2.195976
2.050346
2.123872
2.069316
2.169696
2.088366
1.999864
2.243793
2.113759
2.392766
2.108569
2.033148
2.168974
2.137751
2.250131
2.224347
2.091227
2.060306
2.009027
2.154556
2.126778
2.036359
2.087623
2.212687
2.099860
2.121835
2.406764
2.170600
2.072515
2.046621
2.116589
2.164784
2.098026
2.057871
1.897595
2.065691
2.223017
2.212037
2.199864
2.114064
2.134728
2.217859
2.251042
2.034659
1.907541
2.038176
2.166608
2.186908
1.997178
2.006713
2.006918
2.074868
1.995479
2.130489
2.075172
2.334950
2.106711
1.904937
2.131160
2.075901
2.284787
2.093144
2.119615
2.022258
2.032160
1.967729
2.010442
2.342984
1.853990
2.025019
2.070310
1.972429
2.004114
2.049723
2.253441
1.929139
2.035518
2.122367
2.263368
1.983730
2.062125
2.090536
2.001760
2.060203
1.883522
2.068329
2.086550
2.047694
2.048102
1.969024
1.968497
2.033533
1.996260
1.879260
1.985035
1.800719
1.926629
1.946427
1.839521
1.852229
1.983738
1.972156
1.927758
2.002397
1.967920
2.014688
1.938929
1.960161
2.212594
1.822546
1.879888
1.905116
1.974835
1.877810
1.892033
1.877095
1.934505
1.801083
1.892778
1.913604
1.769669
1.937612
1.792432
1.838832
1.775303
1.694911
1.932391
1.824957
2.021650
2.063021
1.969202
1.861137
1.966473
2.117131
2.119598
1.956565
1.998179
1.900171
1.828647
2.099501
1.948191
2.170772
2.111068
2.181377
2.198945
2.014318
1.903759
1.986718
2.041629
2.156197
2.133824
2.170967
1.974662
2.047528
2.100561
1.958578
2.241440
2.095036
1.918899
2.085755
1.928948
2.218550
1.944918
2.078622
2.130394
2.043600
2.151598
1.934270
1.934011
2.366895
2.249617
2.278964
2.227705
1.967141
2.124919
2.217488
2.061316
2.129476
1.995064
2.082260
1.989777
1.907112
2.154760
2.339179
2.018799
2.159956
2.118916
2.269570
1.922955
2.040225
2.087085
2.264432
2.180357
2.097051
2.256653
2.296676
2.371703
2.032073
2.050346
2.188206
2.031173
2.141829
1.891472
2.082687
1.962944
1.950290
1.985340
1.936286
2.151097
2.264442
2.102070
2.035919
1.972350
2.135137
2.155872
2.061610
2.216346
2.161829
2.329062
2.107075
2.185371
2.287579
2.188186
2.230702
2.072331
2.113155
2.104597
2.107568
2.167733
2.297168
2.210086
2.220562
2.225024
2.364338
2.258648
2.264938
2.129121
1.959320
2.106891
2.225161
2.396884
2.064575
1.958224
2.267268
2.044382
2.205687
2.143738
2.222234
2.064059
2.192785
2.253090
2.054269
2.168396
2.112008
2.289758
2.260969
2.079515
2.151271
2.140763
1.966797
2.182149
2.008416
2.181396
1.981934
2.115862
2.103753
2.136375
2.027191
1.992017
2.070641
2.108228
2.266792
1.937392
2.363763
2.270983
2.157296
2.046605
1.910304
2.043958
1.909357
1.991657
1.914322
1.955025
2.125118
2.059286
2.083930
1.923160
2.106402
1.929900
1.819234
1.959455
2.119528
1.868711
1.998920
2.072353
1.800353
1.823530
1.837250
2.003980
1.926946
1.950397
1.874355
2.123406
1.988745
1.855044
2.023397
1.907591
1.954545
1.981844
1.952299
1.874263
1.783999
1.999016
1.822367
1.848303
1.898385
1.759078
2.103703
1.738241
1.884555
1.810204
1.808495
1.915604
1.673133
1.773967
1.796088
1.781058
1.730758
1.722138
2.179539
1.976301
1.918181
2.073818
1.978338
2.189802
2.053430
2.006753
1.889107
1.934053
2.161320
2.129388
2.147470
1.992197
2.005606
2.073319
2.130160
2.008475
2.044503
2.186886
1.901016
1.949467
1.991165
2.143171
2.024107
2.078899
2.032559
2.187891
2.050373
2.044434
2.087129
2.153116
2.044570
2.185869
2.080233
2.003718
2.290524
2.150412
2.133262
2.088494
2.278539
2.138456
2.033060
2.219290
2.254382
2.335311
2.116161
2.027057
2.098432
2.332434
2.289212
2.145494
2.142101
2.080427
1.993439
2.124856
2.329715
2.073131
2.054237
2.195976
2.067661
2.166551
2.089222
2.073770
2.059399
2.102077
2.293907
2.293987
2.237194
2.091192
2.175240
2.087622
2.178044
2.263656
2.131231
2.244156
2.153153
2.213299
2.189196
2.270561
2.055066
2.181115
2.169200
2.277774
2.210881
2.116468
2.246901
2.105454
2.028411
2.238981
2.109144
2.253320
2.125605
2.194208
2.077350
2.079661
2.257764
2.247830
2.162162
2.157180
2.209608
2.147888
2.245760
2.060111
2.091846
2.112013
2.276104
2.199941
2.301965
2.207325
2.245510
2.065482
2.068421
2.220784
2.068350
2.194103
2.205971
2.117101
2.117193
2.222424
2.150201
2.381524
1.899411
2.217290
2.284316
2.209814
1.989948
2.035067
2.120651
2.145270
1.995396
1.924197
2.032369
2.160252
2.013856
1.977508
1.973163
1.907112
1.963500
1.997738
2.138030
2.223733
2.033188
2.139558
1.853986
1.975465
2.078363
2.039428
2.149701
1.839433
2.173289
1.670591
2.239894
1.982995
2.042399
2.115149
2.020706
2.092560
1.852047
2.159620
2.027997
2.034108
2.145873
1.876071
1.840025
1.964461
2.020280
1.802747
1.903878
1.938865
1.984292
2.225649
2.031211
1.921482
1.854402
1.974725
1.852155
1.960876
2.087039
1.886578
1.910491
1.774218
1.876813
1.793439
1.652256
2.005702
1.840209
1.549093
1.919714
1.717722
1.834533
1.913234
1.829657
1.862491
1.547753
1.932228
1.909104
1.910205
1.757952
1.870850
1.790648
1.955866
1.946480
2.281620
1.844116
2.000764
2.014837
2.294610
2.088790
2.031894
2.067332
1.970323
2.150294
1.892286
1.970145
1.935767
2.161268
2.009679
2.104631
2.148077
2.113316
2.019161
1.972580
2.119216
1.976946
2.125038
2.000680
2.196995
2.330230
2.149401
2.055025
2.192918
2.208062
2.155784
2.059065
2.051527
2.156258
2.151048
2.212938
2.047318
1.993118
2.131505
2.064473
2.133260
2.095211
2.096515
1.901442
1.896463
2.009852
2.196749
2.086212
2.049977
2.106266
2.087333
2.331799
2.103010
2.392175
2.132091
2.239024
2.179351
2.256669
2.186497
2.051582
1.990215
2.076868
2.139542
2.095875
2.205125
2.173947
2.166725
2.166960
2.287382
2.132622
2.149201
2.123913
2.171480
2.130841
2.218273
2.056292
2.178994
2.114880
2.076900
1.963800
2.083861
2.320263
2.155381
2.156593
2.253022
2.266712
2.160786
2.138486
2.279719
2.177454
2.329191
2.312096
2.146057
2.124608
2.125618
2.202984
2.250350
2.068509
2.166197
1.991593
2.176224
2.175119
2.053559
2.153693
2.107084
2.034553
2.145466
2.378267
1.986803
2.141139
2.055755
2.252354
2.119770
2.126990
2.088883
2.259063
1.994198
2.289179
2.118192
2.246635
2.107072
2.108846
2.191177
2.272495
2.171914
2.020251
2.030375
2.199524
2.132417
2.137439
2.126848
2.087335
2.160640
2.179545
2.054831
2.003342
1.922142
2.038980
2.038835
2.038190
1.958093
2.052563
2.084959
2.036265
2.021838
2.035156
2.138791
2.035194
1.918318
2.054238
2.066080
2.100984
1.804342
2.057276
1.988296
1.980102
1.888054
1.887823
2.220645
1.872982
1.988986
1.942991
1.910127
2.024418
1.977699
2.121827
1.818925
1.912888
2.083523
1.758411
1.942590
1.852122
1.976825
1.727199
1.857216
1.705228
1.993965
2.100784
1.576837
1.986671
2.024606
1.784454
2.039313
1.901639
2.036968
1.711902
1.851000
1.864023
1.668564
1.724346
1.833504
1.766573
1.708034
1.823976
1.981593
1.888745
1.845818
1.965730
1.761281
1.959860
1.907922
2.071010
1.937518
2.134966
2.057988
1.941889
2.088008
2.176493
2.108392
1.856419
2.050629
2.049267
2.009624
1.992235
2.030214
1.855561
2.184607
2.091411
1.935315
2.056364
2.008173
2.259643
2.140872
2.088702
2.208512
2.225327
2.250500
2.074877
2.134813
2.179130
2.175243
2.130000
2.110479
1.971786
2.014630
2.076892
2.112578
1.996438
2.147803
2.035414
2.221380
2.192187
2.102987
2.007444
2.058067
2.286901
2.171790
2.197913
2.361831
2.189994
2.242102
2.030753
2.093283
2.067987
2.139557
2.066006
2.203298
2.068003
2.361602
2.376985
2.036727
2.168811
2.170680
2.211477
2.225890
2.248309
2.157770
2.123043
2.175713
2.067030
2.026276
2.225808
2.185073
2.193063
2.023333
2.047767
2.126513
2.255321
2.080122
2.193155
2.085449
2.372868
2.025603
2.272160
2.124158
2.250245
2.293603
2.162626
2.003912
2.188663
2.330652
2.048317
1.971944
2.171490
2.003069
2.080190
1.895843
2.103672
2.301309
2.179761
2.056134
2.108287
2.147914
1.996852
2.406092
2.067297
1.994039
2.090115
2.264645
2.185905
2.280589
2.128024
2.016316
2.053150
2.315161
2.119580
2.253271
2.122396
2.373510
2.170523
2.060113
2.148805
2.254735
2.319568
2.046579
2.211634
2.127847
2.089120
1.972770
2.160279
2.157467
2.088006
2.183476
2.188867
2.056172
1.967193
1.891551
2.129520
2.138827
2.008313
2.069981
2.045318
2.142976
2.039029
2.088620
1.973391
2.038041
2.094712
2.248027
1.945423
2.043435
2.189305
2.084779
2.029403
2.281564
1.910928
2.057845
1.854109
1.920654
2.235838
2.094800
1.996025
1.893423
1.896163
1.961273
1.842608
1.881085
2.060575
2.037699
1.963836
1.844625
1.977722
2.144153
1.795295
2.059941
2.044526
1.898967
1.918754
1.922970
1.996464
1.793825
1.861420
1.836545
1.908039
1.919264
1.761918
1.816619
1.840134
1.795783
1.920054
1.910448
1.937586
1.774061
1.934351
1.984045
1.842669
1.707818
1.835605
1.830536
1.732279
1.990450
2.025580
2.083742
2.115588
2.027180
2.122789
1.934784
1.966835
2.158297
2.171542
2.178344
2.178381
1.904625
1.974747
2.128763
2.045734
2.027636
1.969105
2.179173
2.002421
2.133701
2.171232
2.107437
2.055807
2.212534
2.109457
2.148231
2.122577
2.083411
2.295705
2.136950
2.152259
2.212131
2.021241
2.038100
2.182593
2.101423
2.118845
2.168620
1.873918
2.000230
1.973252
2.063431
2.154750
2.098179
2.055192
2.184001
2.148619
2.285638
2.200540
2.060403
2.259253
2.158908
2.039110
2.108818
2.183672
2.146783
2.146589
2.089349
2.186091
2.208270
2.215455
1.952462
2.283321
2.296153
2.201979
1.952780
2.299601
2.257954
2.179615
2.117856
2.135481
2.061397
2.196978
2.235594
2.270961
2.141719
2.100241
2.165356
2.313313
2.048255
2.137876
2.289748
2.259093
2.090687
2.180445
2.346267
2.033953
2.232645
2.050751
2.136451
2.300075
2.137148
2.173187
2.287332
1.925632
2.117017
2.213831
2.228978
2.281630
1.900158
2.221338
2.103080
2.072024
2.274254
2.098832
2.149877
2.113661
2.144386
2.106123
2.146070
2.233820
2.247828
2.065137
2.209472
2.170342
2.142649
2.061804
2.020115
2.145277
2.168306
2.192041
2.212842
2.162727
2.166585
2.077833
2.019107
2.109770
2.072371
2.287359
2.240869
2.050196
2.053574
2.164483
1.995722
2.180186
2.071951
2.029017
2.096908
1.977636
1.962537
2.293277
2.029314
2.156989
2.092348
2.020464
2.058304
2.053384
2.159959
1.742057
2.174792
1.975291
2.133507
2.193710
2.114270
2.076147
1.860918
1.798526
2.075666
2.040711
2.003158
2.031067
2.074046
2.251233
2.062847
1.818547
1.927481
1.963875
1.929004
1.797706
2.087137
2.013746
2.027975
1.864063
1.944787
1.900184
1.986169
2.052020
1.878629
1.984901
1.994633
2.018668
1.924941
1.859722
1.947748
1.906426
1.922274
1.880710
1.759279
1.970345
1.837840
1.708414
1.885787
1.710396
1.865172
1.892476
1.706132
1.871911
1.887595
1.708714
1.964177
2.021319
1.848214
1.963998
2.093614
1.937602
1.997537
1.972941
1.999727
2.126353
2.204034
2.013849
2.063306
2.112964
1.926598
2.049032
2.182239
2.064189
2.025785
2.165841
1.924728
2.194658
1.947970
2.256678
2.120843
2.150442
2.038683
2.110276
2.138946
2.062576
2.086017
2.052260
2.061976
2.027657
2.057023
2.140888
1.963530
2.416620
2.254769
2.150410
2.206217
2.126011
2.062594
2.020786
2.023814
2.287367
2.248597
2.096924
2.071067
2.350130
2.113391
2.181586
2.199135
2.080496
2.221854
2.160509
2.276958
2.129907
2.263225
2.196282
2.162547
2.097453
2.180055
2.179477
2.078338
2.105032
2.204417
2.339757
2.266502
2.283856
2.138965
2.072652
2.207014
2.297790
2.267111
2.012093
2.126142
2.180850
2.004696
1.938771
2.041106
2.255603
2.055172
1.894098
2.381012
2.129945
2.063690
2.279757
2.114764
2.241817
2.123023
2.154508
2.144195
2.343465
2.100906
1.997797
2.363589
2.109702
2.142499
2.118180
2.196741
2.028239
2.140765
2.052014
2.112580
2.052841
2.013891
2.125973
2.031913
2.240756
2.361226
2.056189
2.134497
2.053790
2.143483
2.160422
2.237502
2.196631
2.090834
2.147503
2.196187
2.089353
2.136420
2.226587
2.152522
2.089801
2.223428
2.082550
2.241290
2.094296
2.157785
2.008244
2.142830
2.101173
2.074368
2.160017
2.120805
2.142691
1.968214
2.154656
2.375238
2.060441
2.005710
1.946009
2.121271
2.098693
2.249500
2.137265
2.018998
2.054124
1.869777
2.030067
1.969612
2.032773
1.987576
1.911761
2.010777
2.130029
2.031228
2.051977
2.088145
2.006791
2.067839
2.152640
2.139421
2.127912
1.919200
1.973198
2.086631
1.959998
1.918695
1.839694
1.958423
1.789508
1.920183
2.007018
1.816424
1.893366
1.745686
1.908601
1.847390
1.814989
1.936098
1.980034
1.819670
1.899023
1.687534
1.928998
2.093330
1.864419
1.940610
1.925986
1.891460
1.844159
1.703016
1.764357
1.955292
1.905377
2.166824
1.700220
2.079284
1.723373
1.849028
2.102068
2.079824
2.071257
2.116039
2.005809
2.197003
2.060881
2.133884
2.079715
2.193621
1.891530
2.131748
1.982422
2.011380
2.011186
1.965720
2.059214
2.104909
2.188783
2.309915
2.142738
2.122571
2.058667
2.062181
2.181562
1.991513
1.998407
2.227007
2.226501
2.095505
2.211579
2.018382
1.960977
2.151760
2.230556
2.084010
2.172548
2.055343
1.958617
1.986585
2.026221
2.175186
2.025778
2.133115
2.246811
2.194997
2.033368
2.186228
2.090743
2.042144
2.174069
2.131382
2.175690
2.085242
2.236169
2.138580
2.205333
2.234438
2.227283
2.134266
2.292177
2.214051
2.111548
2.185195
2.132900
2.150050
2.042110
2.092985
2.138782
2.104975
2.098692
2.075921
2.216039
2.088475
2.115822
2.106367
2.158091
2.369354
2.104655
2.155091
2.235057
2.046884
2.156158
2.070184
2.119640
2.051991
2.114766
2.261371
2.139747
2.023647
2.044455
2.166906
2.223818
1.994902
2.030424
2.214859
2.039309
2.236101
2.286618
2.311066
2.089024
2.095778
2.093329
2.105950
2.250239
2.245489
2.371973
2.088118
2.066385
2.303979
2.182064
2.164330
2.269500
2.308145
2.094704
2.323276
2.044560
2.270453
2.167458
2.092893
2.090110
1.978775
2.086437
2.306635
2.105637
2.255282
1.970397
2.309291
2.135696
2.170102
2.177779
2.053871
2.106183
2.348971
2.031376
1.970859
2.297411
1.905927
2.064328
2.156662
2.106681
2.044933
2.084746
1.974235
2.008591
2.251173
2.024674
2.314295
2.036645
2.060189
2.294410
1.957726
2.093233
2.008322
1.923695
1.899431
2.005366
2.045539
1.974542
2.131898
2.067924
1.967147
2.168935
2.011810
2.129322
1.955005
1.951869
1.986087
1.825699
1.929229
1.842268
1.852888
1.866306
1.946736
1.841897
2.082425
2.027451
2.077609
1.834661
1.738331
1.788954
1.933303
1.748943
1.973671
2.030568
1.862875
1.731656
1.634633
1.927518
1.782338
1.801870
1.897529
1.875863
2.003973
1.789064
1.791632
1.869357
1.643392
1.975778
1.697588
1.915971
1.944880
2.151781
2.101011
1.859645
2.037099
2.037119
1.962256
2.022131
2.091953
2.222393
1.884691
2.005937
1.915785
1.972518
1.963435
2.058903
2.322426
2.171207
2.221482
2.015888
1.980337
1.921521
2.267860
2.023988
1.895838
2.066345
2.052640
2.100259
2.150251
2.218442
2.126932
2.041793
2.106558
2.036902
2.301530
2.138524
2.154935
2.043997
2.200107
2.226679
2.111043
2.238900
2.053119
2.099919
2.329517
2.088885
2.256143
2.079051
2.200636
2.095961
2.132407
2.191155
1.840270
2.092753
2.347945
2.055127
1.899007
2.081257
2.146976
2.216793
2.089179
2.238860
2.090002
2.139131
2.020401
2.131295
2.030719
2.232173
2.089249
2.205664
2.050518
2.160114
2.102048
2.232596
2.094312
2.275938
2.183422
1.989981
2.399824
2.285311
2.196504
2.017945
2.203855
2.169681
2.149346
2.202664
2.036747
2.040132
2.248768
2.159611
2.085495
2.208724
2.132707
2.103840
2.055604
2.080470
2.268628
2.146460
2.130184
2.224114
2.282724
2.130059
2.053406
2.092403
2.084993
2.077280
2.058988
2.154262
2.241187
2.309572
1.930863
2.173164
2.105846
2.210581
2.087953
2.283621
2.192746
2.333341
1.866449
2.125305
1.983513
2.124186
2.141267
2.074619
2.041770
2.132313
1.924091
2.006170
2.173683
2.168968
2.041891
2.054611
2.172354
2.215239
2.024357
2.213402
2.173996
2.012864
2.043382
2.021006
2.130905
2.177510
1.870173
1.990555
2.087480
2.109299
2.135104
2.112495
2.118835
1.999193
1.983665
2.230996
1.895586
1.825892
2.161999
1.951392
2.133812
1.942960
2.039033
1.989655
2.035539
2.031727
2.102894
1.749531
2.011491
2.062538
1.858139
1.858447
1.751571
2.108890
2.027930
1.798483
2.115872
1.759581
1.974593
1.797642
1.865423
1.647150
2.007948
1.850834
2.063798
1.799054
1.835998
1.853215
1.945377
1.879492
1.911039
1.921647
1.803759
1.636436
1.764853
1.780722
1.813225
1.937593
1.871191
1.940483
1.725156
1.870848
1.824712
1.696938
1.881529
1.993797
1.996850
1.975452
1.918888
2.051212
1.880818
2.146871
2.103566
2.070624
1.918460
1.969753
2.028059
2.057419
2.136567
2.004612
2.082314
1.974150
2.133441
2.016517
1.966877
1.981210
1.986344
2.163660
2.063964
1.974514
2.033658
2.106428
2.211784
2.238460
2.146391
2.201749
2.124159
2.222970
2.184254
2.095979
1.934327
2.129977
2.018531
2.109481
2.193320
2.106643
1.867658
1.933925
2.129081
2.135020
2.185937
2.019669
2.269192
2.069736
2.070151
2.160445
2.162585
2.160698
2.058522
2.242390
2.388184
2.225446
2.310863
2.220298
1.992799
2.214139
2.066950
2.156641
2.052978
1.926188
2.196721
2.158252
2.132046
2.043888
2.107013
2.031520
2.136213
2.193563
2.146392
2.177067
2.201046
2.130286
2.115411
2.220790
2.101153
2.205757
2.333613
2.159418
2.270813
2.245451
2.103680
2.146549
2.140881
2.051757
2.175478
2.065817
2.108446
2.203955
2.098485
2.070544
1.995274
2.109350
2.118317
2.078234
2.239760
2.034309
2.015255
2.483010
2.079603
2.109985
2.198370
2.256263
2.121682
2.034424
2.253058
1.991590
2.054650
2.052723
2.212292
2.058486
2.152756
2.143247
2.022932
2.126558
2.216499
2.107503
2.214546
2.148776
2.150223
2.017173
2.103349
2.099181
2.127803
2.009154
2.312081
2.024353
2.035413
2.023104
2.092992
2.242740
2.086185
2.173046
2.056926
2.186596
2.018162
1.827644
1.959173
2.128251
1.743256
1.940647
2.037685
2.200436
2.092871
1.912509
1.954798
2.001321
2.134002
2.001769
1.854887
1.985152
2.035972
2.010482
1.920961
1.948038
2.037653
2.074023
1.931181
2.037708
1.954147
2.165190
2.050886
1.854155
1.753993
1.811814
2.004843
1.937600
2.147814
1.839378
1.859359
1.897976
1.786709
1.984972
1.951378
1.810954
1.957688
1.806900
1.914476
1.838018
1.920239
1.892405
1.721928
1.900523
2.062551
1.890885
1.834605
1.741267
1.964165
1.818303
1.887472
1.920879
1.872002
1.893142
1.809735
1.877612
1.840057
