1.994415
2.019064
2.024393
2.015886
2.021718
2.024415
2.037078
2.030525
2.024981
2.043194
2.045426
2.042765
2.037925
2.044554
2.036657
2.048449
2.071273
2.053504
2.063513
2.061084
2.061034
2.061270
2.079919
2.077605
2.095411
2.067008
2.081752
2.104838
2.097522
2.101197
2.100723
2.103469
2.104001
2.106297
2.108512
2.118321
2.096327
2.111873
2.134645
2.121061
2.127335
2.115535
2.121803
2.118562
2.120272
2.147567
2.129954
2.124561
2.146111
2.152405
2.127713
2.127032
2.153996
2.146847
2.130058
2.140683
2.138996
2.141560
2.147909
2.152698
2.153064
2.153078
2.144161
2.152689
2.137749
2.165497
2.153877
2.148036
2.146760
2.154322
2.173393
2.162462
2.164026
2.159290
2.174666
2.157463
2.172823
2.158307
2.156173
2.145106
2.162047
2.164040
2.150024
2.149447
2.160252
2.168415
2.147171
2.156262
2.163751
2.143360
2.160513
2.151148
2.170041
2.152859
2.172018
2.137580
2.167319
2.152899
2.172834
2.149203
2.127209
2.148399
2.159941
2.145758
2.149915
2.146943
2.155464
2.139341
2.133546
2.135057
2.155273
2.155880
2.119932
2.119204
2.117129
2.125264
2.115809
2.137147
2.133422
2.137202
2.112356
2.101607
2.134558
2.102681
2.116815
2.101109
2.117819
2.111967
2.098488
2.112689
2.099633
2.102951
2.084889
2.098715
2.084501
2.085994
2.066350
2.057082
2.077168
2.077983
2.056842
2.085255
2.051642
2.062021
2.032907
2.065355
2.056284
2.056068
2.035332
2.030507
2.022877
2.033049
2.016951
2.029552
2.028110
2.033669
2.024564
1.998359
2.021091
2.000587
2.014533
1.991997
1.991062
1.988132
1.982525
1.963255
1.980214
1.950321
1.969297
1.962153
1.954527
1.953987
1.952863
1.961554
1.923180
1.931089
1.942321
1.917521
1.915338
1.924916
1.906647
1.900092
1.885696
1.887897
1.901974
1.888504
1.887008
1.875015
1.862877
1.856867
1.871262
1.857514
1.847777
1.825486
1.842349
1.835862
1.803235
1.815884
1.817192
1.795835
1.803361
1.999087
2.001213
2.009103
2.006489
2.008306
2.031261
2.027153
2.026718
2.026252
2.024501
2.032400
2.037159
2.051810
2.023243
2.038558
2.055607
2.051746
2.063774
2.053083
2.064453
2.063216
2.070060
2.074833
2.066751
2.065409
2.080227
2.086817
2.104776
2.083708
2.086402
2.104051
2.098848
2.109531
2.098752
2.079988
2.105258
2.102258
2.098284
2.111697
2.099740
2.114861
2.116081
2.117425
2.129373
2.127842
2.133261
2.134611
2.136434
2.119743
2.133225
2.152048
2.149338
2.127624
2.155499
2.148314
2.136316
2.128808
2.142396
2.152133
2.155113
2.145429
2.159162
2.152099
2.124146
2.146065
2.160206
2.143057
2.166954
2.150815
2.157321
2.171954
2.159761
2.148360
2.153375
2.174481
2.169706
2.163444
2.162769
2.152552
2.166785
2.167877
2.171475
2.168613
2.136902
2.184516
2.167245
2.158649
2.164511
2.158930
2.160140
2.157359
2.151258
2.156787
2.148638
2.158370
2.171400
2.161181
2.145689
2.140705
2.141384
2.136979
2.156965
2.143863
2.159896
2.154399
2.143293
2.132493
2.140247
2.134794
2.150525
2.136478
2.125608
2.126640
2.124350
2.128894
2.139741
2.126907
2.127907
2.110340
2.125195
2.113672
2.121654
2.110158
2.120767
2.103199
2.109149
2.114045
2.095604
2.082333
2.097185
2.094794
2.080558
2.100971
2.096506
2.077270
2.085125
2.074271
2.072812
2.064117
2.064532
2.070890
2.082065
2.064540
2.071893
2.039709
2.066202
2.039442
2.030428
2.042976
2.055494
2.038237
2.031781
2.013246
2.020366
2.032728
2.018019
2.012989
2.005189
2.005190
1.999457
1.999269
1.993036
1.979598
1.972873
1.988992
1.975184
1.988676
1.977677
1.961470
1.987693
1.963397
1.963839
1.959333
1.934881
1.952533
1.944908
1.942089
1.926830
1.911693
1.907530
1.903200
1.901756
1.888142
1.894518
1.891217
1.875555
1.871303
1.886746
1.865392
1.862381
1.856746
1.847156
1.841618
1.835880
1.844757
1.825872
1.824370
1.813683
1.807742
1.804406
1.804561
1.994994
1.995913
1.991400
2.005493
1.998701
2.021826
2.010183
2.042356
2.024157
2.030102
2.038097
2.052795
2.025959
2.036156
2.051189
2.049018
2.056053
2.050149
2.067105
2.072652
2.075068
2.089509
2.069241
2.078835
2.081343
2.093548
2.092051
2.083050
2.108214
2.093120
2.088794
2.091253
2.094453
2.090761
2.097216
2.102060
2.130040
2.130857
2.120795
2.131071
2.123137
2.112255
2.118370
2.141979
2.122548
2.127299
2.130816
2.143239
2.136527
2.145872
2.136668
2.153007
2.140773
2.123050
2.143258
2.141553
2.138748
2.156161
2.142818
2.169750
2.156377
2.141469
2.139432
2.161321
2.158946
2.164046
2.170376
2.172833
2.169341
2.158800
2.155361
2.154675
2.160119
2.160669
2.146710
2.163645
2.145934
2.159139
2.154741
2.152483
2.163178
2.153890
2.158593
2.167308
2.149768
2.178629
2.149361
2.169000
2.144722
2.154494
2.155392
2.171102
2.151940
2.148218
2.162596
2.170117
2.157793
2.160208
2.146611
2.158221
2.137672
2.146447
2.154957
2.133190
2.134473
2.159129
2.153438
2.134541
2.141226
2.134035
2.140685
2.125428
2.149610
2.122754
2.129029
2.132352
2.121105
2.121746
2.109098
2.137619
2.122886
2.135037
2.118423
2.122334
2.102035
2.107125
2.095161
2.096651
2.096395
2.111614
2.096266
2.102224
2.094801
2.083058
2.102161
2.080070
2.073526
2.071429
2.067085
2.074238
2.082525
2.076227
2.068203
2.074971
2.052500
2.041816
2.068745
2.044426
2.021165
2.032178
2.034718
2.027933
2.022251
2.025054
2.029058
2.036486
2.014717
2.007025
2.004372
1.989109
1.995138
2.002251
1.977760
1.990096
2.009469
1.972560
1.979592
2.003937
1.956332
1.967285
1.952416
1.957249
1.950190
1.952706
1.941425
1.937781
1.933767
1.916715
1.928727
1.928013
1.909840
1.895968
1.908937
1.885426
1.885687
1.889639
1.879552
1.885143
1.862282
1.865738
1.848993
1.866494
1.842379
1.850575
1.838179
1.831565
1.824580
1.831990
1.810780
1.803256
1.791382
2.011727
2.008650
2.009382
2.008828
2.031582
2.023201
2.021264
2.029007
2.046418
2.038514
2.025819
2.046525
2.046823
2.050351
2.052746
2.065837
2.067072
2.059006
2.067535
2.061882
2.063876
2.066420
2.056237
2.062855
2.084883
2.082507
2.095124
2.088722
2.096153
2.078238
2.081052
2.098192
2.108503
2.107031
2.108229
2.113185
2.087746
2.119659
2.103486
2.103673
2.125929
2.122075
2.136623
2.129107
2.146400
2.128822
2.122878
2.135156
2.144413
2.138403
2.131490
2.152454
2.125091
2.145442
2.139709
2.140155
2.149675
2.152107
2.146640
2.162174
2.140202
2.156881
2.158323
2.147827
2.152731
2.153370
2.150443
2.160655
2.164864
2.154531
2.143693
2.169375
2.151775
2.150171
2.157186
2.145829
2.170049
2.148610
2.166584
2.153636
2.153883
2.167484
2.156196
2.146601
2.147730
2.155465
2.170911
2.159267
2.169303
2.171094
2.165697
2.148586
2.155983
2.142550
2.152024
2.142659
2.155208
2.145741
2.160753
2.141578
2.146858
2.153700
2.148400
2.143374
2.147949
2.136101
2.152680
2.143364
2.153249
2.148229
2.135384
2.138734
2.147245
2.136911
2.144090
2.120032
2.134220
2.128465
2.120872
2.135785
2.121799
2.118692
2.111680
2.117848
2.128909
2.111496
2.106368
2.098927
2.109943
2.110051
2.090060
2.083429
2.119075
2.089115
2.065923
2.101216
2.087730
2.069873
2.079130
2.061751
2.059320
2.064708
2.042023
2.070276
2.064058
2.051943
2.054796
2.048287
2.043522
2.036153
2.041983
2.045655
2.035596
2.014672
2.033927
2.030351
2.019283
2.005619
2.022197
1.999719
2.004418
1.988980
1.985203
1.966607
1.983341
1.958393
1.967588
1.977591
1.965047
1.957130
1.968912
1.969231
1.958587
1.934889
1.939872
1.929364
1.934785
1.931674
1.919512
1.914290
1.903083
1.896884
1.909462
1.885366
1.880508
1.896975
1.864208
1.856942
1.885297
1.878900
1.848328
1.833561
1.831521
1.847575
1.833541
1.825839
1.819314
1.824108
1.795981
1.817787
1.803198
1.994913
2.003432
2.016264
2.003491
2.020164
2.034791
2.041627
2.012109
2.015325
2.047094
2.031453
2.049119
2.057938
2.051273
2.052833
2.056628
2.041733
2.077621
2.064873
2.059075
2.089032
2.073582
2.067801
2.074482
2.080120
2.078976
2.085547
2.092843
2.073848
2.082493
2.116676
2.092696
2.098916
2.110541
2.116945
2.106997
2.107267
2.120612
2.111020
2.110029
2.127689
2.113270
2.133501
2.136333
2.112587
2.140252
2.124959
2.163731
2.130014
2.136804
2.149728
2.121633
2.147524
2.136378
2.127419
2.148594
2.158161
2.142586
2.147965
2.156881
2.164875
2.136170
2.154034
2.167237
2.158057
2.159526
2.152813
2.148902
2.148817
2.151933
2.167437
2.127603
2.167668
2.163455
2.149586
2.168092
2.153282
2.168150
2.160702
2.166243
2.150831
2.183807
2.155075
2.164167
2.168651
2.142023
2.149169
2.150620
2.158055
2.151619
2.157543
2.155542
2.169992
2.172261
2.138433
2.160714
2.163989
2.167784
2.150624
2.162578
2.153953
2.139803
2.158065
2.138515
2.149059
2.131454
2.154078
2.160636
2.144917
2.135538
2.141231
2.123657
2.147776
2.143474
2.143413
2.134905
2.119114
2.128747
2.112203
2.123579
2.108355
2.105895
2.127497
2.104412
2.115885
2.115463
2.116228
2.102023
2.101591
2.082340
2.093242
2.091928
2.088556
2.077679
2.075917
2.096636
2.093256
2.078864
2.086880
2.055989
2.081040
2.060887
2.061145
2.073100
2.056940
2.061196
2.065988
2.051436
2.043733
2.028660
2.038781
2.039776
2.031896
2.014739
2.022311
2.022289
2.015683
2.011655
2.008757
2.006380
2.001720
2.007615
1.988720
1.983165
1.989187
1.971540
1.986492
1.968931
1.984591
1.969817
1.975321
1.966715
1.942104
1.950845
1.943738
1.937967
1.934293
1.959043
1.903649
1.923899
1.903801
1.900193
1.909030
1.905881
1.872889
1.886616
1.882923
1.863295
1.846999
1.856195
1.858308
1.855764
1.848393
1.822688
1.839866
1.835174
1.820916
1.833774
1.816560
1.799289
1.808937
2.013933
1.996683
2.001046
2.013797
2.036781
2.025322
2.022189
2.018098
2.032537
2.049157
2.040442
2.038673
2.040800
2.049539
2.056589
2.062515
2.054597
2.055761
2.073571
2.060653
2.074685
2.071089
2.084054
2.071927
2.092203
2.087647
2.100111
2.091189
2.101367
2.104963
2.103051
2.105505
2.095105
2.094082
2.108284
2.102713
2.125531
2.100597
2.115605
2.123048
2.111710
2.121114
2.108901
2.132799
2.143716
2.125733
2.137540
2.135139
2.133388
2.118893
2.131531
2.137384
2.131277
2.135858
2.148601
2.150980
2.154449
2.145323
2.144972
2.156356
2.146541
2.148242
2.136044
2.168628
2.150234
2.159089
2.162068
2.156877
2.165898
2.155222
2.146798
2.150259
2.149117
2.138016
2.160422
2.162997
2.157189
2.171397
2.143642
2.149137
2.154466
2.146123
2.173641
2.166686
2.148535
2.156665
2.167327
2.156528
2.170219
2.154575
2.172791
2.156186
2.146810
2.146043
2.148867
2.143909
2.144943
2.163026
2.167227
2.142978
2.136300
2.154343
2.128424
2.139975
2.133786
2.138567
2.147493
2.153480
2.143342
2.124635
2.146727
2.126730
2.137140
2.140643
2.133931
2.134216
2.122017
2.117161
2.125487
2.138530
2.123390
2.103463
2.115731
2.114967
2.093239
2.103429
2.105516
2.114563
2.100636
2.093561
2.085159
2.103593
2.084396
2.105357
2.071639
2.095220
2.077224
2.081648
2.071993
2.065122
2.072006
2.065030
2.064948
2.059035
2.065895
2.052645
2.058622
2.030357
2.043267
2.031713
2.048036
2.039813
2.034134
2.015351
2.032246
2.018013
2.012731
2.028628
2.007168
1.997404
1.985580
1.990442
1.980901
1.970729
1.985133
1.969550
1.977593
1.970413
1.949353
1.960782
1.940273
1.939000
1.946423
1.950449
1.955321
1.929956
1.924918
1.926705
1.925087
1.904787
1.924868
1.906753
1.902460
1.915998
1.883734
1.876448
1.878398
1.876923
1.871975
1.853473
1.845267
1.842661
1.852027
1.852994
1.827932
1.815633
1.808214
1.815414
1.808980
1.798387
1.801395
1.995331
1.993002
2.014577
2.031908
2.013808
1.998427
2.031565
2.046216
2.041780
2.047264
2.044015
2.032329
2.034650
2.049345
2.044121
2.056698
2.045307
2.043474
2.078042
2.075687
2.075054
2.061312
2.066122
2.097234
2.077859
2.080615
2.087690
2.098818
2.099731
2.105806
2.100767
2.093845
2.094546
2.104398
2.110355
2.109766
2.117396
2.100748
2.094110
2.127457
2.106622
2.122251
2.125188
2.123378
2.142206
2.124377
2.124975
2.122529
2.142638
2.146133
2.127140
2.140479
2.140171
2.148719
2.149550
2.139449
2.144961
2.150409
2.155454
2.160573
2.162970
2.142727
2.137450
2.159046
2.138984
2.137916
2.158606
2.151071
2.158666
2.160903
2.172062
2.149152
2.162498
2.159294
2.160223
2.144715
2.156189
2.155363
2.161264
2.171745
2.152211
2.172289
2.160333
2.134657
2.155967
2.153685
2.155350
2.155715
2.172475
2.155995
2.148780
2.168309
2.146078
2.148414
2.150145
2.170723
2.164465
2.164972
2.143652
2.142969
2.141671
2.145040
2.161642
2.136751
2.142723
2.146017
2.137045
2.131109
2.153957
2.133832
2.147190
2.126712
2.132427
2.122331
2.122237
2.117932
2.118578
2.120577
2.123316
2.126745
2.136298
2.101066
2.110642
2.117104
2.096859
2.099129
2.104616
2.105493
2.110420
2.101056
2.102281
2.102333
2.103309
2.087146
2.057808
2.086470
2.054689
2.093060
2.074222
2.072040
2.054838
2.070280
2.058070
2.044525
2.073361
2.059559
2.047304
2.042204
2.052060
2.047379
2.041434
2.026246
2.047385
2.019574
2.031783
2.027036
2.040867
2.014841
2.022709
2.011538
2.011127
2.008516
1.988789
1.987027
1.968327
1.957221
1.988435
1.959956
1.970300
1.963063
1.973936
1.969908
1.954738
1.924680
1.934052
1.941711
1.919675
1.914850
1.932123
1.901592
1.912126
1.901662
1.890860
1.888480
1.862528
1.883832
1.875092
1.894495
1.868215
1.860946
1.880526
1.845930
1.846874
1.840559
1.855293
1.819087
1.808887
1.832482
1.809116
1.830873
1.792852
2.004783
2.002708
2.007970
2.009011
2.024633
2.004807
2.029943
2.022093
2.016152
2.034192
2.044038
2.039064
2.034656
2.053230
2.069080
2.040153
2.057734
2.075463
2.076673
2.058323
2.061411
2.077114
2.086368
2.083532
2.080039
2.086977
2.065189
2.083788
2.096043
2.094537
2.096201
2.083836
2.113739
2.097962
2.104013
2.104047
2.118877
2.103271
2.114157
2.123384
2.117215
2.126390
2.144193
2.115544
2.131909
2.115315
2.119658
2.123439
2.133882
2.127881
2.126556
2.131950
2.133268
2.157169
2.154560
2.136931
2.147969
2.144566
2.135166
2.152683
2.137352
2.171783
2.162179
2.143880
2.162340
2.171001
2.161147
2.174846
2.155711
2.155183
2.160319
2.167470
2.151926
2.158924
2.135728
2.158216
2.163414
2.152448
2.151166
2.166205
2.181253
2.163565
2.141660
2.165397
2.160836
2.169254
2.157021
2.146893
2.153829
2.161956
2.161204
2.146873
2.163424
2.150193
2.145356
2.160414
2.142703
2.145543
2.157994
2.153374
2.141397
2.152177
2.141449
2.135060
2.138658
2.150318
2.151413
2.140822
2.152276
2.134251
2.141847
2.120638
2.144513
2.132828
2.115491
2.147363
2.136134
2.117742
2.134100
2.118396
2.109946
2.112702
2.108715
2.116657
2.112669
2.106924
2.122751
2.086827
2.099552
2.100156
2.093180
2.080467
2.106264
2.094410
2.079694
2.069479
2.087843
2.076802
2.076318
2.063902
2.070965
2.077472
2.051828
2.069533
2.054117
2.046302
2.046183
2.048626
2.045452
2.031855
2.060982
2.048541
2.037562
2.022780
2.010641
2.006135
2.022250
2.015409
1.997271
2.012294
2.009228
1.988590
1.989282
1.998941
1.973674
1.967906
1.983096
1.996694
1.981403
1.973856
1.955862
1.968324
1.958601
1.933757
1.937222
1.922320
1.924647
1.923235
1.939414
1.939838
1.898312
1.897069
1.893049
1.894828
1.893583
1.878568
1.885505
1.870779
1.856430
1.870466
1.864389
1.861579
1.836415
1.827563
1.834584
1.829848
1.826197
1.829645
1.811734
1.800984
1.794944
2.003695
2.004137
1.998478
2.006919
2.022702
2.023884
2.028567
2.030244
2.017672
2.025866
2.044811
2.045316
2.034671
2.051838
2.044613
2.063233
2.076406
2.052246
2.064275
2.066852
2.069862
2.069736
2.075041
2.072860
2.101874
2.078043
2.078624
2.083438
2.094568
2.098453
2.103546
2.096278
2.080832
2.106878
2.106949
2.106840
2.125908
2.095207
2.112193
2.134907
2.117891
2.117305
2.127681
2.125169
2.117362
2.112751
2.143559
2.133165
2.141568
2.130704
2.095909
2.117493
2.140144
2.136254
2.135096
2.144213
2.131115
2.148148
2.147300
2.150513
2.162593
2.147868
2.153260
2.155066
2.156881
2.166428
2.151606
2.155760
2.153789
2.170692
2.145983
2.167769
2.142059
2.149606
2.157381
2.150838
2.166316
2.158832
2.170119
2.166523
2.165016
2.168447
2.170120
2.148720
2.173547
2.164875
2.162469
2.158337
2.150186
2.163754
2.166760
2.164157
2.139404
2.156425
2.136329
2.171512
2.168189
2.140971
2.163386
2.151198
2.145922
2.145447
2.152137
2.142933
2.133376
2.150101
2.138884
2.123231
2.151795
2.127312
2.117717
2.147365
2.128638
2.135743
2.116227
2.136053
2.137436
2.119751
2.101468
2.121226
2.131628
2.104145
2.142109
2.113874
2.096168
2.081252
2.110145
2.122522
2.091984
2.091189
2.083208
2.079453
2.095482
2.077544
2.096345
2.093427
2.089428
2.067266
2.080731
2.072519
2.088087
2.063460
2.057922
2.064057
2.053238
2.053555
2.047606
2.042117
2.048713
2.047134
2.041886
2.039308
2.039179
2.006995
2.038041
2.011548
2.001907
2.021259
1.981935
2.001380
2.005606
1.997012
1.966193
1.997499
1.984496
1.983463
1.985793
1.956813
1.970793
1.961709
1.966868
1.935068
1.947310
1.975750
1.935733
1.929179
1.911622
1.927287
1.914401
1.921435
1.909629
1.909069
1.914389
1.893481
1.876180
1.873129
1.908537
1.879637
1.866389
1.863438
1.845362
1.849585
1.849221
1.845118
1.843372
1.827868
1.833247
1.819029
1.827523
1.801114
1.798728
2.005990
2.023216
2.003832
2.004656
2.008019
2.039488
2.017710
2.022260
2.040166
2.026576
2.036683
2.024133
2.037436
2.042044
2.061123
2.069440
2.068501
2.061721
2.059111
2.085223
2.062162
2.073065
2.081400
2.073861
2.070071
2.087836
2.080622
2.090410
2.103794
2.090577
2.093045
2.108389
2.101028
2.099390
2.105142
2.106004
2.120796
2.123568
2.122641
2.121445
2.140115
2.130715
2.124894
2.143897
2.151033
2.116549
2.111816
2.117462
2.123107
2.130032
2.142418
2.125172
2.131111
2.137863
2.137788
2.141885
2.137685
2.160100
2.145311
2.156014
2.133960
2.143083
2.169520
2.148376
2.162046
2.153037
2.148179
2.160273
2.158584
2.167364
2.164282
2.141968
2.166147
2.160071
2.170872
2.163135
2.153808
2.167255
2.143825
2.160548
2.155356
2.148160
2.151263
2.176168
2.157219
2.163414
2.146891
2.167201
2.172004
2.165120
2.170891
2.159527
2.151773
2.148603
2.149987
2.178961
2.145130
2.133262
2.143033
2.158347
2.174055
2.151761
2.147891
2.154830
2.145119
2.142850
2.155019
2.139411
2.136967
2.139557
2.124668
2.115462
2.123383
2.141203
2.128079
2.121563
2.137221
2.128227
2.105333
2.119198
2.117823
2.138847
2.133499
2.092453
2.087867
2.117511
2.111754
2.099930
2.125895
2.122060
2.093166
2.105591
2.089235
2.099027
2.094925
2.095457
2.072864
2.075609
2.066475
2.048288
2.058271
2.077711
2.059493
2.055764
2.061031
2.058712
2.055602
2.040930
2.041978
2.035290
2.039769
2.057402
2.030581
2.033872
2.035578
2.034672
2.045105
2.018063
2.006388
2.002105
1.984599
1.992879
1.999743
2.002498
1.992299
1.983100
1.985138
1.969710
1.966121
1.950802
1.968928
1.953875
1.967170
1.952215
1.930696
1.937783
1.931105
1.925705
1.913189
1.926284
1.924979
1.903498
1.905174
1.884941
1.899651
1.883224
1.880932
1.879806
1.852371
1.855689
1.869360
1.858203
1.829803
1.834685
1.840536
1.815613
1.827421
1.817064
1.803601
1.822075
1.799414
