1.988974
1.997345
1.986579
1.996152
2.022940
2.010342
2.020123
2.042768
2.043052
2.022839
2.044432
2.026813
2.039936
2.046372
2.033782
2.054771
2.081281
2.075447
2.076938
2.054534
2.072967
2.076822
2.069094
2.067609
2.097330
2.098244
2.086923
2.085076
2.078572
2.087679
2.098769
2.103123
2.094429
2.108760
2.110143
2.109057
2.104983
2.105002
2.121314
2.120656
2.103417
2.114610
2.117531
2.112362
2.133031
2.144044
2.099011
2.132440
2.116449
2.134169
2.133034
2.152328
2.153767
2.148178
2.124362
2.135143
2.141016
2.149617
2.148964
2.134881
2.151009
2.147909
2.161240
2.165836
2.166660
2.145758
2.154886
2.147003
2.139882
2.147803
2.150431
2.163265
2.157892
2.159212
2.164505
2.152364
2.173393
2.163155
2.155693
2.158345
2.154137
2.156805
2.164944
2.154563
2.150614
2.157352
2.155589
2.164210
2.154533
2.160229
2.154247
2.150949
2.164351
2.146140
2.161090
2.149483
2.152783
2.159729
2.150310
2.134632
2.152560
2.149741
2.133302
2.145798
2.144854
2.152336
2.144206
2.154587
2.135881
2.141992
2.142589
2.131021
2.141247
2.146467
2.109930
2.127684
2.135642
2.127631
2.120515
2.103285
2.113075
2.115439
2.112311
2.112561
2.121229
2.104338
2.111606
2.097360
2.100890
2.109855
2.089595
2.083366
2.122662
2.091426
2.095218
2.085865
2.065646
2.065755
2.086516
2.059421
2.062120
2.060244
2.072488
2.052776
2.049421
2.078692
2.053047
2.046234
2.044324
2.046066
2.032838
2.032199
2.039531
2.018283
2.026656
2.026407
2.031286
2.031526
2.000563
1.986755
2.005143
1.994042
1.983893
1.984918
1.999997
1.983975
1.976131
1.954045
1.949180
1.961247
1.935021
1.944937
1.938345
1.940130
1.941337
1.938874
1.926910
1.912471
1.925798
1.916117
1.915030
1.912230
1.898650
1.902799
1.885735
1.892296
1.879520
1.873135
1.888948
1.868401
1.873628
1.852645
1.835512
1.854229
1.846865
1.829116
1.817175
1.823870
1.791067
1.812073
1.810979
