2.025001
2.015773
2.053741
2.022797
2.064929
2.063272
2.048871
2.060566
2.071573
2.082783
2.087005
2.045439
2.051645
2.065024
2.088519
2.101520
2.086691
2.093502
2.112191
2.084010
2.099455
2.073914
2.124364
2.118949
2.119127
2.091013
2.131701
2.126926
2.127182
2.109827
2.113346
2.148015
2.149565
2.123113
2.142910
2.157001
2.126508
2.135358
2.163845
2.149420
2.157692
2.144173
2.128323
2.129856
2.130759
2.145641
2.138912
2.176478
2.182361
2.155095
2.186229
2.162227
2.165382
2.157827
2.170447
2.166421
2.181630
2.147966
2.163836
2.160600
2.168931
2.191057
2.190049
2.183150
2.168387
2.177449
2.157469
2.159758
2.185813
2.189528
2.178458
2.201627
2.183904
2.194230
2.163356
2.171252
2.170572
2.200370
2.163222
2.199895
2.204719
2.176562
2.201268
2.167479
2.198668
2.190210
2.162860
2.164115
2.165419
2.206844
2.205047
2.166518
2.201353
2.162721
2.157319
2.180086
2.186658
2.174326
2.164750
2.160183
2.173826
2.155636
2.194742
2.178801
2.183087
2.191434
2.156130
2.144614
2.179626
2.158025
2.181127
2.151185
2.176027
2.164639
2.145482
2.178222
2.149638
2.173111
2.138543
2.142337
2.135952
2.124346
2.116461
2.118262
2.145013
2.120165
2.138332
2.135431
2.109661
2.115417
2.141582
2.102075
2.092592
2.099983
2.111997
2.094888
2.109303
2.120619
2.096011
2.122901
2.086844
2.089206
2.094966
2.088378
2.092748
2.056683
2.076583
2.093910
2.061924
2.043510
2.086587
2.057691
2.071981
2.042412
2.064890
2.061966
2.040972
2.054921
2.014181
2.023996
2.023431
2.002301
2.027328
2.036251
2.006766
1.993236
1.998540
1.987167
1.972071
1.969867
1.960738
1.989300
1.990722
1.967192
1.974050
1.970555
1.966120
1.936820
1.924263
1.924150
1.931224
1.933163
1.940630
1.931022
1.906234
1.887630
1.904051
1.880065
1.893324
1.870985
1.906952
1.883038
1.863375
1.872188
1.881562
1.834342
1.827138
1.856552
1.850682
1.824227
1.820125
