2.025060
2.019131
2.023530
2.059710
2.042433
2.022786
2.046553
2.034717
2.047690
2.056015
2.051053
2.052826
2.057337
2.071506
2.054815
2.057198
2.100028
2.097474
2.100621
2.091339
2.102029
2.119295
2.078543
2.099794
2.086574
2.109668
2.098222
2.139738
2.112557
2.095338
2.108851
2.133157
2.131132
2.114498
2.149409
2.117096
2.155205
2.125711
2.141514
2.158796
2.143726
2.142164
2.132107
2.159587
2.138911
2.167428
2.178458
2.170057
2.147087
2.180086
2.181445
2.152337
2.180670
2.179056
2.164703
2.181202
2.174090
2.186440
2.181759
2.151779
2.156342
2.158707
2.177667
2.158646
2.155185
2.176970
2.179984
2.191526
2.167029
2.181883
2.173354
2.206242
2.173877
2.186332
2.170143
2.198737
2.176176
2.165117
2.181082
2.167818
2.191708
2.167292
2.204267
2.175126
2.163682
2.171574
2.184545
2.172576
2.206632
2.187958
2.198706
2.187990
2.196303
2.159107
2.160936
2.167270
2.190316
2.190655
2.195885
2.167562
2.182277
2.177652
2.192883
2.161796
2.170124
2.170459
2.169617
2.168324
2.163867
2.154735
2.156443
2.147568
2.150813
2.182148
2.158566
2.156784
2.158041
2.172867
2.127516
2.122419
2.153077
2.159992
2.156880
2.135755
2.130143
2.148863
2.155782
2.150880
2.139858
2.136611
2.112540
2.098474
2.120078
2.138926
2.115595
2.121256
2.119367
2.121466
2.085728
2.114635
2.086930
2.101535
2.095183
2.105669
2.087407
2.096799
2.100371
2.079262
2.057983
2.078337
2.047032
2.041382
2.075196
2.048736
2.060833
2.041805
2.048093
2.027641
2.031196
2.005911
2.039692
2.006575
2.032719
2.024057
2.010618
1.981828
2.009100
2.007366
2.013455
1.993812
1.993923
1.976936
1.970149
1.991441
1.960918
1.977359
1.936324
1.959387
1.963295
1.933890
1.914353
1.950814
1.931114
1.936696
1.930095
1.917903
1.910861
1.913564
1.905113
1.878871
1.859740
1.871235
1.860677
1.869605
1.863911
1.869606
1.871373
1.847314
1.856747
1.808710
1.800510
2.030623
2.046888
2.054862
2.060801
2.019101
2.058374
2.050531
2.043431
2.033633
2.053087
2.052260
2.075423
2.054273
2.068812
2.079894
2.072394
2.094906
2.091389
2.074138
2.088887
2.079699
2.081803
2.114325
2.087868
2.117479
2.117384
2.104969
2.125799
2.103844
2.137323
2.099695
2.131204
2.121100
2.108747
2.107480
2.152740
2.139787
2.132059
2.164053
2.129291
2.147220
2.148094
2.154568
2.164411
2.161676
2.170593
2.152218
2.179066
2.136278
2.147996
2.143750
2.156209
2.185818
2.178984
2.171816
2.156031
2.147065
2.166021
2.155754
2.164277
2.174627
2.151962
2.189521
2.156238
2.154401
2.196723
2.197014
2.180216
2.156835
2.187161
2.186741
2.170603
2.171811
2.180444
2.185081
2.173040
2.170707
2.205770
2.195662
2.168711
2.181116
2.204963
2.204165
2.182909
2.184472
2.161837
2.206555
2.181424
2.206344
2.200746
2.179938
2.175763
2.206241
2.165301
2.196646
2.202316
2.198414
2.188836
2.190737
2.163557
2.181249
2.177676
2.172387
2.160916
2.184888
2.153290
2.172440
2.167652
2.190158
2.160294
2.171113
2.139635
2.151849
2.176238
2.159148
2.161264
2.127739
2.150820
2.156117
2.125899
2.132792
2.141343
2.148943
2.141892
2.116164
2.145215
2.149527
2.142150
2.104294
2.135263
2.147454
2.108292
2.140811
2.095017
2.128135
2.133111
2.082894
2.119042
2.091493
2.117222
2.085679
2.070828
2.099832
2.097548
2.066627
2.082805
2.052364
2.063962
2.074731
2.065286
2.058013
2.068408
2.060081
2.040318
2.047588
2.030695
2.057958
2.037162
2.039374
2.028292
2.009728
2.025243
2.038992
1.993386
2.009952
1.997430
1.977329
1.978420
2.002840
1.974181
1.966001
1.967188
1.953695
1.983006
1.980046
1.949769
1.967525
1.954171
1.943251
1.932192
1.948202
1.938948
1.922533
1.902651
1.919434
1.922467
1.924343
1.883968
1.903888
1.868481
1.905277
1.870219
1.873444
1.860756
1.836095
1.836988
1.840227
1.846626
1.831658
1.852903
1.838016
2.037657
2.012680
2.054888
2.035188
2.059146
2.036520
2.066653
2.072771
2.045358
2.050531
2.079015
2.081543
2.075417
2.052479
2.074324
2.073000
2.090020
2.098209
2.100172
2.110825
2.075119
2.102799
2.076857
2.117573
2.124030
2.098680
2.123747
2.132989
2.107860
2.125971
2.135997
2.116143
2.114291
2.151028
2.149364
2.148194
2.130227
2.141457
2.120695
2.137535
2.166723
2.128203
2.146834
2.135640
2.139436
2.147945
2.150818
2.166200
2.152314
2.177668
2.170257
2.167348
2.176332
2.188472
2.161045
2.174683
2.166169
2.161882
2.162820
2.174371
2.168632
2.192510
2.154563
2.187893
2.202322
2.159803
2.200012
2.156962
2.200595
2.206877
2.199910
2.172721
2.172446
2.202219
2.176986
2.207677
2.207860
2.209063
2.204053
2.198794
2.184180
2.205615
2.200554
2.208305
2.183197
2.179074
2.190450
2.162000
2.185550
2.191123
2.203251
2.194775
2.200012
2.168287
2.192710
2.169695
2.195177
2.202404
2.196556
2.196045
2.172556
2.166242
2.160923
2.156777
2.153542
2.156800
2.169725
2.142864
2.179465
2.154226
2.141550
2.145066
2.148030
2.177240
2.132888
2.136384
2.142397
2.139082
2.140143
2.161406
2.156179
2.121041
2.137474
2.153273
2.148488
2.127347
2.127429
2.113640
2.143545
2.133631
2.110557
2.142826
2.123602
2.121549
2.111545
2.098649
2.099357
2.096837
2.115419
2.100429
2.115650
2.090111
2.109931
2.081088
2.104921
2.094140
2.061372
2.071307
2.058656
2.085954
2.046106
2.060234
2.051776
2.040805
2.054661
2.046772
2.017318
2.015594
2.050515
2.021168
2.029864
2.040460
2.019505
1.997919
2.028562
1.995833
1.978576
2.011504
2.010106
1.969678
2.000578
1.994762
1.988570
1.993473
1.986699
1.956348
1.970636
1.933122
1.959157
1.932303
1.925807
1.945646
1.938319
1.913948
1.933443
1.927031
1.902814
1.901029
1.872979
1.912547
1.901147
1.880552
1.880563
1.860344
1.853887
1.853379
1.835143
1.859133
1.847545
1.825231
1.844137
2.023501
2.029445
2.024547
2.045339
2.053699
2.047253
2.070947
2.037121
2.035604
2.058119
2.086247
2.088609
2.049671
2.067904
2.069455
2.064847
2.081846
2.062844
2.101033
2.104846
2.097818
2.109028
2.080211
2.087493
2.119351
2.131676
2.087754
2.123935
2.112392
2.098618
2.129640
2.127694
2.107227
2.111136
2.154908
2.145080
2.117603
2.152224
2.151878
2.148714
2.141100
2.135667
2.167172
2.132813
2.138631
2.144847
2.133846
2.148443
2.162020
2.154230
2.138572
2.158358
2.151733
2.148813
2.162528
2.186574
2.194825
2.184412
2.171781
2.177839
2.182828
2.159871
2.159271
2.180219
2.162406
2.157998
2.194756
2.174699
2.172427
2.182804
2.164770
2.203744
2.199779
2.169177
2.166197
2.189255
2.196492
2.165113
2.162575
2.163600
2.208535
2.196422
2.205675
2.204357
2.176319
2.173733
2.193996
2.162427
2.202020
2.176920
2.169628
2.197083
2.201628
2.202342
2.163876
2.181033
2.193376
2.153474
2.175736
2.168146
2.195977
2.162053
2.156291
2.152334
2.193423
2.180909
2.192054
2.184340
2.142353
2.150858
2.175930
2.182713
2.149166
2.181624
2.162559
2.136928
2.158053
2.138331
2.139922
2.130046
2.141598
2.136733
2.164339
2.128582
2.133693
2.125367
2.127612
2.142141
2.135485
2.149734
2.144322
2.099634
2.099266
2.114642
2.126685
2.099337
2.125183
2.128554
2.120970
2.099586
2.082373
2.084767
2.106010
2.108013
2.088280
2.068953
2.094965
2.083704
2.087424
2.047181
2.080708
2.066934
2.036880
2.048186
2.030264
2.042171
2.046965
2.053715
2.023844
2.004590
2.006949
2.019978
2.009596
2.027969
2.021721
1.983024
2.010323
1.982632
1.991566
1.967608
2.003897
1.960344
1.995886
1.944134
1.960067
1.981857
1.958008
1.943980
1.927889
1.933911
1.926086
1.918193
1.923346
1.931332
1.927917
1.911920
1.892632
1.876880
1.902245
1.889965
1.876793
1.871209
1.892690
1.842708
1.839593
1.850617
1.826258
1.819171
1.820793
1.824687
1.804214
2.023687
2.043553
2.016467
2.048586
2.030908
2.044334
2.057685
2.028743
2.061955
2.060670
2.084699
2.053621
2.061118
2.094365
2.052662
2.082189
2.104887
2.062381
2.066763
2.098972
2.070554
2.111091
2.076117
2.082748
2.131120
2.122623
2.108501
2.112195
2.113354
2.102960
2.100114
2.137336
2.126319
2.106673
2.128394
2.128453
2.121406
2.136463
2.151961
2.142474
2.153626
2.155313
2.143181
2.149759
2.142738
2.141562
2.162537
2.139826
2.182676
2.154193
2.160599
2.148626
2.167726
2.146639
2.185886
2.187727
2.150649
2.191762
2.191796
2.177987
2.163379
2.186452
2.182481
2.202416
2.179966
2.188053
2.176725
2.182742
2.199111
2.179361
2.202739
2.162594
2.164566
2.201762
2.164817
2.171640
2.197027
2.167423
2.189655
2.201440
2.200753
2.167344
2.190297
2.175712
2.167634
2.177213
2.176330
2.207145
2.174293
2.177475
2.171927
2.205485
2.168837
2.162894
2.162110
2.184530
2.191254
2.175199
2.182602
2.163935
2.197341
2.173997
2.178680
2.182321
2.186737
2.144405
2.177856
2.149190
2.185194
2.187967
2.173326
2.175110
2.182655
2.134070
2.131590
2.141402
2.141316
2.127569
2.162829
2.147117
2.167259
2.140218
2.123601
2.138152
2.147266
2.155843
2.115602
2.144157
2.150704
2.107272
2.138118
2.108200
2.125112
2.097986
2.106678
2.112790
2.095297
2.095539
2.107980
2.083111
2.091275
2.083060
2.093304
2.081001
2.085695
2.072936
2.088054
2.076282
2.053896
2.069654
2.042820
2.080505
2.079293
2.041619
2.067134
2.050871
2.022714
2.024639
2.025443
2.017467
2.033330
2.016223
1.999260
2.000178
2.032994
1.998793
2.013821
1.999788
2.003608
1.992297
2.003627
1.985132
1.972943
1.981211
1.947809
1.977189
1.939933
1.948481
1.926335
1.923986
1.947091
1.949698
1.905164
1.916613
1.896692
1.890724
1.909945
1.897546
1.893639
1.873851
1.900593
1.854407
1.890534
1.890690
1.856004
1.873498
1.830411
1.826711
1.840751
1.812211
1.834693
2.024824
2.042700
2.034370
2.025218
2.039505
2.045852
2.050305
2.044760
2.063187
2.073064
2.044210
2.050818
2.092404
2.072509
2.095580
2.089680
2.088242
2.067515
2.113866
2.078204
2.113173
2.074842
2.079313
2.115826
2.129693
2.085468
2.114993
2.092067
2.092534
2.127826
2.128795
2.115788
2.112476
2.113115
2.110488
2.111847
2.160440
2.114902
2.117598
2.134998
2.125787
2.140419
2.152261
2.126152
2.154110
2.167361
2.156746
2.144729
2.145397
2.166598
2.183644
2.145271
2.159443
2.158000
2.150437
2.159512
2.148960
2.190719
2.173562
2.168233
2.155316
2.168769
2.190743
2.168013
2.193564
2.156337
2.188443
2.158469
2.182327
2.199110
2.182444
2.164947
2.179637
2.183212
2.189931
2.193444
2.206733
2.169495
2.170173
2.209714
2.178338
2.196540
2.170723
2.178795
2.170515
2.162675
2.192434
2.174029
2.166239
2.184996
2.158644
2.186390
2.177563
2.179426
2.173123
2.167905
2.179054
2.181966
2.160891
2.159829
2.169219
2.161442
2.150400
2.179867
2.184562
2.171696
2.192304
2.146110
2.178066
2.139855
2.172786
2.162393
2.173299
2.181770
2.152369
2.178937
2.161287
2.151989
2.171147
2.134048
2.127053
2.153684
2.132415
2.127161
2.120591
2.115925
2.142970
2.136626
2.140882
2.101789
2.140061
2.097110
2.114804
2.119393
2.123945
2.113346
2.097689
2.126756
2.122027
2.088679
2.099167
2.072880
2.080269
2.110128
2.069022
2.097930
2.093969
2.063815
2.071444
2.041963
2.043144
2.077134
2.056970
2.028847
2.043217
2.039100
2.025201
2.033431
2.033303
2.042398
2.049804
2.027574
2.011204
2.033420
2.026661
1.979796
2.019495
1.997384
1.983526
2.004945
1.996511
1.998929
1.948878
1.964461
1.953400
1.937459
1.939275
1.970840
1.931370
1.946615
1.916558
1.949749
1.933238
1.934562
1.932868
1.895210
1.914564
1.880496
1.875164
1.875342
1.873602
1.857289
1.852680
1.849371
1.836951
1.845870
1.867827
1.856167
1.820227
1.835657
1.826825
2.007257
2.025982
2.027310
2.049652
2.045132
2.036036
2.072158
2.056817
2.040337
2.083311
2.080141
2.074093
2.066290
2.088694
2.064228
2.072752
2.079157
2.093424
2.092361
2.070786
2.107167
2.120791
2.080616
2.110300
2.089383
2.093349
2.128113
2.122718
2.121439
2.104654
2.127028
2.149121
2.115363
2.133944
2.132585
2.158247
2.126979
2.151962
2.116109
2.135584
2.146572
2.155262
2.171914
2.167856
2.138032
2.139650
2.153356
2.150637
2.166220
2.146527
2.145120
2.175755
2.181111
2.182515
2.186128
2.186560
2.187532
2.189843
2.149480
2.172992
2.169751
2.183221
2.153085
2.174955
2.173366
2.185405
2.159291
2.203474
2.167684
2.198190
2.176036
2.195654
2.191930
2.159478
2.186439
2.175435
2.182234
2.175378
2.204222
2.186457
2.204834
2.198654
2.208290
2.184222
2.196012
2.160320
2.160923
2.208028
2.203825
2.196859
2.206898
2.179082
2.162548
2.165698
2.156760
2.156699
2.172877
2.188219
2.168093
2.151129
2.164484
2.177469
2.156342
2.195339
2.162019
2.168892
2.187929
2.154936
2.155647
2.174667
2.170664
2.140638
2.135802
2.163148
2.148572
2.144062
2.133939
2.132899
2.145322
2.167166
2.147123
2.121908
2.164094
2.157862
2.151365
2.158108
2.146363
2.131746
2.143655
2.143528
2.139762
2.141428
2.109648
2.097417
2.117786
2.087548
2.108618
2.114596
2.096748
2.086621
2.086553
2.094335
2.092364
2.095973
2.102545
2.074523
2.065299
2.050066
2.051574
2.070932
2.073007
2.039125
2.071386
2.028814
2.066377
2.042150
2.035252
2.019828
2.045820
2.019968
2.001583
2.024611
2.039491
2.005095
2.016135
2.017885
1.984504
1.985036
1.979590
1.986465
1.959205
1.965182
1.960375
1.954155
1.950087
1.958109
1.963900
1.929253
1.923971
1.961472
1.918190
1.925104
1.903419
1.904847
1.893426
1.928851
1.890285
1.913993
1.870999
1.875220
1.874941
1.861302
1.878663
1.867937
1.858317
1.870763
1.830996
1.852478
1.818549
1.818826
1.843399
2.000753
2.015945
2.023463
2.050011
2.054717
2.047110
2.051982
2.076289
2.076167
2.046551
2.049264
2.042378
2.058529
2.097775
2.093541
2.071978
2.093128
2.106239
2.077969
2.075706
2.074426
2.100520
2.113893
2.105985
2.116901
2.086625
2.099440
2.112975
2.111733
2.139905
2.132005
2.119883
2.106933
2.146611
2.140342
2.123962
2.146626
2.153612
2.128710
2.136344
2.137509
2.152710
2.162793
2.138598
2.152995
2.146225
2.138728
2.167275
2.164941
2.179889
2.141546
2.178676
2.159497
2.174980
2.182192
2.153793
2.150927
2.192126
2.176646
2.196128
2.166805
2.174739
2.170884
2.191222
2.202512
2.179369
2.187934
2.192419
2.193014
2.159208
2.201653
2.206006
2.167488
2.191968
2.183244
2.172170
2.169415
2.164487
2.203996
2.175383
2.175760
2.185512
2.173839
2.192572
2.173251
2.188517
2.204290
2.177187
2.171876
2.183860
2.198020
2.205865
2.203930
2.175646
2.175977
2.192042
2.169455
2.191513
2.157692
2.193850
2.190373
2.169545
2.154098
2.193765
2.164092
2.181715
2.191493
2.189158
2.174378
2.169680
2.155715
2.142569
2.170861
2.141674
2.156243
2.173781
2.151942
2.135193
2.157516
2.129067
2.132089
2.154461
2.120532
2.141020
2.144120
2.137125
2.126615
2.105479
2.112791
2.102576
2.140414
2.113199
2.121792
2.127385
2.102503
2.085264
2.098704
2.079045
2.090368
2.088040
2.080911
2.110271
2.091927
2.081397
2.063596
2.079085
2.087384
2.075183
2.061484
2.068434
2.043883
2.045792
2.054321
2.055947
2.056291
2.066276
2.019670
2.032106
2.027436
2.022165
2.034281
2.038082
2.015031
1.993716
1.990247
1.980370
1.975678
1.989109
1.995288
1.987632
1.994296
1.990070
1.958207
1.963405
1.971951
1.971887
1.973067
1.926921
1.934014
1.931215
1.918139
1.918747
1.912704
1.913380
1.890593
1.922800
1.926668
1.900956
1.888248
1.902287
1.876240
1.883810
1.861468
1.855834
1.867294
1.838788
1.826820
1.858929
1.851301
1.831581
1.838970
2.028398
2.016972
2.034472
2.045684
2.033776
2.051689
2.072400
2.046288
2.069995
2.076342
2.052328
2.086269
2.058681
2.085622
2.068661
2.079843
2.079749
2.067722
2.111191
2.102950
2.079038
2.085859
2.085773
2.098431
2.115464
2.118884
2.088042
2.113554
2.125796
2.113592
2.104925
2.138750
2.132319
2.112827
2.124777
2.155054
2.135494
2.162539
2.116065
2.142425
2.161940
2.140707
2.166276
2.163865
2.173690
2.158632
2.165157
2.161940
2.140593
2.156085
2.167348
2.145538
2.172368
2.144634
2.149959
2.193122
2.166599
2.174310
2.163331
2.190185
2.180566
2.178019
2.156388
2.176627
2.175538
2.174021
2.193106
2.166510
2.188692
2.188121
2.187879
2.179863
2.171035
2.189438
2.179903
2.160592
2.162870
2.186004
2.168633
2.173705
2.177882
2.207406
2.186634
2.166109
2.175429
2.167324
2.160388
2.177312
2.175384
2.201909
2.191601
2.166635
2.174638
2.194990
2.188541
2.189165
2.177158
2.169081
2.182384
2.176726
2.198581
2.161862
2.197389
2.193221
2.193815
2.184862
2.144976
2.153689
2.156883
2.174875
2.149795
2.182126
2.182088
2.174552
2.156634
2.155021
2.174352
2.149334
2.123907
2.135259
2.158850
2.126299
2.152195
2.141132
2.142517
2.158165
2.124607
2.139884
2.131513
2.114945
2.138451
2.100689
2.101850
2.117702
2.133594
2.093846
2.107553
2.125132
2.106806
2.079906
2.105694
2.071276
2.068291
2.080422
2.098634
2.088102
2.077726
2.092216
2.064590
2.053699
2.068256
2.055335
2.077011
2.030167
2.063898
2.024941
2.065472
2.055280
2.014943
2.016476
2.014990
2.011036
2.034556
1.988555
2.014372
2.011763
1.975682
1.983509
1.971322
1.970804
1.977286
1.964018
1.953057
1.981993
1.983521
1.935364
1.937833
1.951792
1.947043
1.936585
1.915424
1.941847
1.925563
1.939646
1.890194
1.903288
1.896695
1.921062
1.869580
1.881019
1.866313
1.883122
1.853740
1.884882
1.872271
1.829802
1.851304
1.824596
1.859247
1.837855
1.841402
2.029188
2.007720
2.046242
2.023594
2.051880
2.060400
2.069053
2.073562
2.046393
2.051609
2.043245
2.043959
2.065804
2.062426
2.088140
2.082366
2.063611
2.087267
2.068225
2.105342
2.095470
2.089218
2.095659
2.126509
2.106841
2.086717
2.129162
2.114524
2.106423
2.141728
2.125740
2.128393
2.142386
2.136596
2.112055
2.131927
2.128931
2.137130
2.122761
2.157612
2.162966
2.142158
2.173547
2.138842
2.141097
2.147301
2.147771
2.171185
2.159848
2.159781
2.178759
2.166319
2.150864
2.169201
2.167856
2.146194
2.173013
2.159000
2.155649
2.177132
2.155518
2.195340
2.170981
2.173611
2.189996
2.187428
2.188565
2.181189
2.170904
2.166638
2.184898
2.166263
2.162112
2.201849
2.191672
2.161558
2.167475
2.169191
2.166071
2.197583
2.187923
2.197185
2.207725
2.165499
2.199634
2.182822
2.204350
2.170619
2.166333
2.164051
2.197673
2.167025
2.162224
2.162756
2.155627
2.182488
2.176463
2.157839
2.197618
2.200450
2.161099
2.196109
2.175972
2.166589
2.168005
2.175007
2.153734
2.189465
2.157825
2.168445
2.137833
2.149541
2.146963
2.142936
2.158820
2.149676
2.175758
2.129616
2.168281
2.157735
2.148229
2.132519
2.153488
2.145888
2.152945
2.116823
2.135782
2.109830
2.105694
2.114247
2.123682
2.112905
2.097811
2.102265
2.107533
2.108954
2.090619
2.113298
2.082083
2.109991
2.075666
2.092758
2.089777
2.063667
2.087673
2.098924
2.059325
2.095583
2.065313
2.076603
2.042196
2.067242
2.051261
2.045358
2.066883
2.038037
2.043727
2.059270
2.015836
2.033299
2.024321
2.033640
1.997702
2.004886
2.026308
1.983171
1.992796
2.009789
2.002480
1.989036
1.996830
2.002108
1.990800
1.990569
1.977152
1.936530
1.963764
1.963534
1.936178
1.917036
1.915075
1.922895
1.929138
1.911461
1.905483
1.896556
1.923424
1.920782
1.888020
1.878378
1.884118
1.894883
1.847825
1.885386
1.847020
1.877887
1.863008
1.842339
1.845984
1.847248
1.818685
